Epoch	AverageEpRet	StdEpRet	MaxEpRet	MinEpRet	EpLen	AverageVVals	StdVVals	MaxVVals	MinVVals	TotalEnvInteracts	LossPi	LossV	DeltaLossPi	DeltaLossV	Entropy	KL	Time
0	28.55	16.59618	84.0	9.0	28.55	-0.00740055	0.17962031	1.0961479	-0.64282805	4000	-0.015249425	431.1848	-0.0029375115	-250.07147	0.68592757	0.00024217031	69.55426216125488
1	29.007353	16.735176	110.0	10.0	29.007353	10.818115	0.5367135	12.088838	8.038425	8000	-0.016020732	194.54616	-0.002684949	-55.392212	0.6852283	0.00032895975	136.72412538528442
2	27.260275	16.02398	83.0	9.0	27.260275	16.960005	3.9355538	20.88772	-6.565721	12000	-0.025145039	141.43604	-0.003128104	-6.956848	0.68689626	0.00061735854	195.15278911590576
3	30.868217	18.890701	104.0	9.0	30.868217	16.565903	2.6106808	18.960676	-2.8917134	16000	-0.01380711	165.75731	-0.0020710072	-17.760971	0.6778213	-0.00010550985	223.10981106758118
4	32.661156	17.335558	83.0	11.0	32.661156	18.064167	3.889958	21.797396	-7.0837045	20000	-0.025494255	130.06543	-0.0028842892	-8.093208	0.6785388	0.00014003484	264.80398631095886
5	31.736	16.61428	81.0	10.0	31.736	18.270363	4.83843	23.204285	-5.6662836	24000	-0.03178463	120.89231	-0.003052175	-7.9239426	0.6785729	0.00036530916	306.5406620502472
6	32.311474	21.145895	127.0	10.0	32.311474	17.796656	5.316374	23.42005	-6.741467	28000	-0.029820852	177.31638	-0.0026618354	-14.9930725	0.67622805	0.00026747806	319.5449893474579
7	31.563492	19.32779	105.0	11.0	31.563492	19.515774	6.081995	25.659037	-2.8984938	32000	-0.03703076	145.29762	-0.0027980283	-9.134933	0.6766492	0.0004741599	354.41771817207336
8	36.018017	25.211174	142.0	10.0	36.018017	19.37304	5.9684772	25.245808	-0.2683501	36000	-0.03790956	204.21745	-0.0028423257	-20.760895	0.6718715	0.00016336936	377.24936509132385
9	38.058254	24.245037	128.0	9.0	38.058254	21.156145	7.8180904	29.10862	-2.6522126	40000	-0.04349095	189.62778	-0.0025739186	-11.615845	0.66667515	-5.2140043e-05	387.690327167511
10	35.15929	21.828196	122.0	10.0	35.15929	23.047274	7.943734	30.28814	-1.658734	44000	-0.046705436	164.55165	-0.002824083	-13.866211	0.6725804	0.00043973917	398.6281569004059
11	39.49505	27.224997	155.0	10.0	39.49505	20.91384	7.56259	28.536972	-0.35162503	48000	-0.04609313	225.47394	-0.0024273023	-16.799377	0.66496277	9.591246e-05	409.49665212631226
12	41.541668	26.554548	131.0	10.0	41.541668	23.122301	8.413269	31.167429	0.32715225	52000	-0.04558896	194.67061	-0.0022381283	-3.3418884	0.6585456	-8.4639454e-05	419.8315100669861
13	41.69149	27.4331	135.0	12.0	41.69149	24.249891	8.420677	31.818472	0.7362238	56000	-0.04613612	226.03044	-0.0025514103	-7.2777863	0.6628178	0.00025384242	431.3952331542969
14	48.82716	29.44876	161.0	15.0	48.82716	25.49051	8.152192	32.83302	-0.29328737	60000	-0.046701103	231.53119	-0.001927387	-19.828339	0.653705	-0.00040795136	442.49896812438965
15	50.455696	31.705046	177.0	13.0	50.455696	25.640314	9.852108	35.414482	-1.821611	64000	-0.04795059	281.16663	-0.002007898	-20.87558	0.6554353	-0.0001460099	454.92169213294983
16	42.91398	29.072641	133.0	11.0	42.91398	26.062014	9.165417	35.473534	0.94243324	68000	-0.055785403	234.84402	-0.002010323	-13.566483	0.65914404	0.00025776427	467.5369760990143
17	47.54762	31.471228	167.0	12.0	47.54762	24.908234	9.272086	34.53149	0.69656795	72000	-0.052411888	269.42526	-0.0018956363	-24.159943	0.6536019	-3.671923e-05	481.0988233089447
18	50.974358	33.437263	153.0	10.0	50.974358	25.813503	9.405022	35.864567	0.36672592	76000	-0.054476805	272.2277	-0.0019926317	-23.507553	0.65227	4.6730415e-07	501.3747582435608
19	50.037975	32.409737	162.0	11.0	50.037975	29.834743	9.38138	37.69646	0.59615296	80000	-0.05219333	252.4236	-0.0019303039	-13.231308	0.6500017	6.8731846e-05	518.40052318573
20	55.11111	29.312283	131.0	13.0	55.11111	26.601551	10.050193	36.84345	1.1891943	84000	-0.055463158	218.20703	-0.0018464774	-6.524002	0.6499364	8.837236e-05	542.9751722812653
21	55.59155	35.71782	179.0	12.0	55.59155	28.065231	9.424287	36.943203	0.6650263	88000	-0.05000214	274.92838	-0.0019409619	-19.42749	0.64550453	0.00014055804	571.5441861152649
22	56.62857	34.717297	168.0	13.0	56.62857	30.599014	10.137114	41.35863	-0.94998777	92000	-0.0575992	243.78537	-0.0016748719	-23.413254	0.6472672	7.034387e-05	599.8360171318054
23	57.855072	37.070347	187.0	10.0	57.855072	28.379543	11.729791	41.281803	-0.19326031	96000	-0.055228695	288.513	-0.0018557832	-25.122711	0.64694846	0.00029773728	633.7595012187958
24	55.430557	34.4665	147.0	11.0	55.430557	30.00363	10.574125	42.23137	2.5061393	100000	-0.060258064	248.77509	-0.0018087998	-21.083588	0.64235955	0.00022210543	658.9605941772461
25	60.439392	34.315	159.0	11.0	60.439392	30.269638	10.788679	41.032887	0.15819629	104000	-0.0504739	266.1281	-0.0014633797	-27.709183	0.635848	-0.00012676636	677.4105632305145
26	53.824326	26.311214	126.0	15.0	53.824326	30.619122	11.081227	41.507336	0.32005152	108000	-0.063853376	195.71754	-0.0016439706	-33.389496	0.6370314	7.1414026e-05	693.2696912288666
27	68.36207	42.612003	249.0	13.0	68.36207	26.249329	9.911274	38.283188	-1.3025081	112000	-0.049979787	384.5055	-0.0013841204	-85.93295	0.6371504	0.00010590151	704.5486552715302
28	61.515625	39.501972	217.0	17.0	61.515625	34.198563	11.6687975	44.604347	0.104782775	116000	-0.055102173	300.55283	-0.0014068522	-22.747314	0.63511956	0.00010126848	715.1817800998688
29	64.129036	38.70421	181.0	13.0	64.129036	32.151207	10.871787	43.96205	0.4065522	120000	-0.058455236	284.7643	-0.0014030263	-6.2497864	0.6388509	0.00015709252	726.897943019867
30	61.23077	33.308243	164.0	17.0	61.23077	32.8947	11.033912	44.54284	3.2411306	124000	-0.062147994	253.93219	-0.0014993288	-39.708755	0.6395174	0.00024780564	738.6169600486755
31	69.17544	36.245327	151.0	14.0	69.17544	27.180523	12.644637	43.32069	-1.3627204	128000	-0.046653807	344.44067	-0.0011076741	-115.25075	0.63156456	3.624571e-05	755.640111207962
32	69.26316	41.413418	182.0	18.0	69.26316	32.49218	12.521456	45.964043	1.1261342	132000	-0.059547447	327.9551	-0.001436267	-39.555664	0.63351524	0.000150389	772.2529501914978
33	70.0	40.8798	173.0	15.0	70.0	33.36811	11.866196	46.93297	-3.4435618	136000	-0.060051598	296.2392	-0.0013700537	-37.804047	0.6318029	0.00021518879	797.2563242912292
34	72.51852	48.777554	210.0	15.0	72.51852	33.42178	12.498455	47.361782	1.5388354	140000	-0.06077929	370.3609	-0.0014082007	-38.825928	0.6352999	0.00027516347	861.5173351764679
35	62.761906	36.952446	194.0	14.0	62.761906	36.67013	12.951224	50.22137	0.7323115	144000	-0.06723821	302.16858	-0.0013976097	-50.30223	0.62977904	0.00018743804	928.6126730442047
36	71.17857	40.700172	182.0	14.0	71.17857	31.466972	11.475808	45.8443	1.971524	148000	-0.054494582	284.8898	-0.00119593	-31.06836	0.62099135	-5.9165282e-05	954.4830799102783
37	80.5102	53.651608	300.0	18.0	80.5102	34.012634	12.306091	49.79648	2.5085397	152000	-0.054727275	446.4236	-0.001283206	-68.18048	0.62722325	0.00011514845	977.8209080696106
38	96.46342	52.130272	209.0	21.0	96.46342	39.046375	12.2206335	51.123096	2.6749663	156000	-0.053326506	326.79007	-0.0011344627	-58.05655	0.6210017	-4.4383214e-05	1001.8445072174072
39	84.34042	49.8949	236.0	15.0	84.34042	38.896782	14.913758	58.743916	3.161351	160000	-0.041409623	380.57574	-0.001125358	-49.79956	0.61805004	-2.9462419e-05	1016.9092500209808
40	82.375	49.4889	226.0	15.0	82.375	38.849117	13.007707	54.12622	2.7078702	164000	-0.054636642	373.20486	-0.001323171	-46.93869	0.61459726	-7.1166585e-05	1038.4580459594727
41	104.13513	51.81003	282.0	22.0	104.13513	39.469772	12.433023	53.251396	3.3128793	168000	-0.05369304	363.52087	-0.0012579188	-75.54828	0.6135086	-0.00013822767	1051.5695481300354
42	88.97727	55.176365	223.0	17.0	88.97727	45.189285	14.446785	59.89925	3.018468	172000	-0.053936906	382.68994	-0.0010944903	-57.94287	0.6171719	-5.8480673e-05	1061.6657991409302
43	108.44444	67.19393	269.0	18.0	108.44444	37.912548	14.521699	56.803577	1.1878592	176000	-0.049472198	517.513	-0.0010540187	-141.83868	0.6129606	-0.00013455481	1072.1204030513763
44	118.878784	85.72534	399.0	22.0	118.878784	45.593594	15.335213	62.928707	3.9415505	180000	-0.047831398	503.04382	-0.00095379725	-110.39444	0.61310214	-4.1094754e-05	1082.3199439048767
45	106.27027	65.04745	313.0	15.0	106.27027	49.88191	16.840366	66.364235	-0.80087835	184000	-0.056871165	475.09027	-0.0011122599	-100.04651	0.6187627	1.1517119e-05	1096.2085311412811
46	96.34146	54.25082	242.0	22.0	96.34146	42.384155	16.326214	61.986008	-4.3706145	188000	-0.059144158	382.57913	-0.0011652783	-40.05478	0.61224765	3.651789e-05	1108.7595632076263
47	113.22857	61.436188	299.0	15.0	113.22857	43.5525	13.6414995	57.682312	4.120849	192000	-0.057986077	348.70065	-0.0013748482	-54.271545	0.6113505	7.4949196e-05	1125.6749639511108
48	98.35	49.68629	224.0	20.0	98.35	44.892967	16.854385	63.15095	5.125985	196000	-0.059475854	339.34454	-0.0011244453	-61.44876	0.6082815	-1.6623735e-05	1140.0657801628113
49	95.51219	57.600864	277.0	12.0	95.51219	39.556946	14.628112	58.115532	2.9959128	200000	-0.062481724	381.5404	-0.0011530071	-45.251007	0.61260986	2.1461681e-05	1154.2594411373138
50	108.65714	54.598244	243.0	30.0	108.65714	42.401814	13.74375	59.448666	5.8949256	204000	-0.060488876	327.32126	-0.0010993667	-65.1763	0.6089365	-5.1304087e-05	1167.7479412555695
51	111.05556	57.005333	233.0	23.0	111.05556	47.163467	16.122152	64.08653	3.9443164	208000	-0.051625617	356.5448	-0.0009524673	-33.29724	0.60464555	-7.055699e-05	1180.0643572807312
52	113.314285	54.820625	235.0	29.0	113.314285	46.989525	13.907304	61.278034	0.9601888	212000	-0.06012067	350.35284	-0.0011958033	-62.24829	0.61145216	7.9354184e-05	1191.8196332454681
53	123.5625	62.275063	245.0	18.0	123.5625	42.753757	16.468134	62.663406	0.49670833	216000	-0.0576888	327.02188	-0.00088658556	-64.86453	0.6101957	-2.6903595e-05	1204.1216282844543
54	112.4	62.51272	294.0	28.0	112.4	45.678867	16.6488	67.81346	-1.5827829	220000	-0.056563955	355.1881	-0.0009902827	-55.60956	0.60678256	-6.2335283e-07	1217.5026330947876
55	123.09375	93.74578	401.0	22.0	123.09375	50.436134	14.738268	67.1845	-6.5721173	224000	-0.055642076	517.4445	-0.0010091588	-79.88681	0.61357266	0.00013174584	1230.3343241214752
56	113.4	66.19288	336.0	18.0	113.4	46.18047	19.642384	71.05364	-2.4240746	228000	-0.05629768	487.86945	-0.000726074	-126.9057	0.6062205	-2.855812e-05	1243.6205470561981
57	131.2	83.7669	332.0	20.0	131.2	44.362484	14.626192	62.4276	3.4229407	232000	-0.059223246	463.9894	-0.0008491948	-110.506165	0.6031352	-8.1216414e-05	1255.9715831279755
58	139.75	72.82789	370.0	19.0	139.75	54.69018	16.744837	71.34446	3.152001	236000	-0.052452892	369.36832	-0.0008319169	-71.90939	0.6057277	-7.184535e-06	1269.0318372249603
59	133.03334	67.375305	302.0	22.0	133.03334	47.37856	18.241693	71.04359	4.896599	240000	-0.05705104	349.1745	-0.0009412207	-58.089844	0.6042894	3.9903225e-06	1281.7264811992645
60	125.451614	83.28491	328.0	21.0	125.451614	53.211205	16.199759	70.327126	7.4175014	244000	-0.05893421	448.24384	-0.0007827319	-47.538574	0.6076836	3.8806007e-05	1295.0750341415405
61	131.3	78.95955	312.0	19.0	131.3	51.447716	16.987255	72.15182	0.777853	248000	-0.066723645	319.85947	-0.00080809	-46.16452	0.59951526	-5.4591506e-05	1307.578185081482
62	122.90625	57.227814	244.0	25.0	122.90625	48.174873	19.07262	71.68536	2.8253522	252000	-0.06386016	347.74756	-0.0008105859	-68.25833	0.59945846	-4.536754e-05	1319.9899792671204
63	123.90625	59.954857	288.0	37.0	123.90625	50.199238	14.773898	67.35717	8.203065	256000	-0.059273675	377.21112	-0.00087527186	-68.57028	0.60371757	0.00013010929	1335.7270262241364
64	134.13792	66.95223	276.0	25.0	134.13792	45.41093	15.237741	65.29866	1.1143081	260000	-0.047480777	404.19418	-0.0006420016	-126.49832	0.60119337	6.359133e-05	1349.8244321346283
65	113.26471	55.68573	238.0	23.0	113.26471	52.09811	16.823	72.693504	7.5961704	264000	-0.066317506	364.09918	-0.0009303689	-78.19461	0.60244346	0.00017057538	1362.7740852832794
66	142.71428	74.24711	289.0	27.0	142.71428	47.719845	15.778421	68.86161	4.0593686	268000	-0.0660059	375.71362	-0.00092960894	-55.94037	0.60774684	0.00016718045	1376.5292851924896
67	136.46428	78.61501	286.0	24.0	136.46428	48.48823	18.76582	73.31149	1.3668349	272000	-0.054308783	440.32565	-0.00070512295	-101.122406	0.5968996	-3.3388726e-05	1387.7168073654175
68	146.57692	62.437767	273.0	32.0	146.57692	54.75628	15.282197	74.57417	5.04614	276000	-0.045366198	352.7496	-0.00055459514	-66.23782	0.59712225	3.196363e-05	1399.0076479911804
69	127.51613	46.59148	236.0	20.0	127.51613	51.830967	18.498444	71.28261	-1.0731066	280000	-0.061360627	303.5496	-0.0007696226	-94.85188	0.6022164	9.1083275e-05	1409.9674980640411
70	160.75	87.1346	357.0	28.0	160.75	48.458664	16.165142	65.88008	5.7295403	284000	-0.047072258	413.26633	-0.00075153634	-109.29596	0.59954983	8.519189e-05	1420.849825143814
71	149.6923	85.074524	414.0	22.0	149.6923	56.767056	18.11136	75.86963	5.8123236	288000	-0.0464885	374.7363	-0.00075094774	-90.716095	0.60150105	7.182057e-05	1430.6160440444946
72	178.09091	65.61382	364.0	53.0	178.09091	53.105553	18.967018	74.37211	-0.60473907	292000	-0.046856508	319.9134	-0.0005213022	-112.14105	0.5954391	1.4171175e-05	1440.4552562236786
73	172.04347	90.0012	457.0	26.0	172.04347	52.16782	19.833525	75.27864	6.589981	296000	-0.037069853	440.8191	-0.0005063042	-136.77502	0.586023	-9.589666e-05	1458.5515642166138
74	186.0	103.82357	500.0	14.0	186.0	55.892963	19.385351	75.682755	4.380339	300000	-0.049925342	319.52185	-0.00054995343	-72.54384	0.59376085	3.933382e-05	1522.741405248642
75	154.08333	50.571663	285.0	66.0	154.08333	53.8502	21.31876	78.83204	5.5105095	304000	-0.05164586	280.31506	-0.0006388463	-56.561325	0.5930792	3.069019e-05	1550.144543170929
76	155.84	80.70424	305.0	30.0	155.84	59.36845	18.93934	76.92022	8.347108	308000	-0.041590605	368.11575	-0.0008039959	-87.70657	0.59067625	3.7248894e-05	1570.0061621665955
77	174.59091	74.8542	317.0	45.0	174.59091	52.9198	18.392807	75.77457	8.846965	312000	-0.053932846	329.6782	-0.0006501004	-80.80098	0.58854043	-1.4523901e-05	1582.8496181964874
78	154.91667	50.986042	243.0	48.0	154.91667	60.081043	17.715633	78.032875	6.0306873	316000	-0.056097377	360.23236	-0.001014825	-98.02438	0.59260494	0.00017862045	1596.930307149887
79	123.3125	59.129856	276.0	21.0	123.3125	50.327217	18.515684	71.456184	1.0247978	320000	-0.06602992	311.8475	-0.00061189383	-65.34172	0.5963615	0.00015564906	1612.3991911411285
80	153.65384	55.68106	234.0	53.0	153.65384	49.18747	17.48849	70.661766	4.3538876	324000	-0.058193874	302.01114	-0.0007463135	-54.523926	0.58876604	0.00011311462	1625.207319021225
81	187.85	88.08535	397.0	23.0	187.85	51.203213	18.088366	74.2498	4.4557104	328000	-0.05072237	414.78168	-0.0007488504	-169.82352	0.58296824	8.493157e-05	1640.167690038681
82	180.81818	76.043434	364.0	43.0	180.81818	59.853313	19.464268	80.03503	5.5758944	332000	-0.044154327	310.91525	-0.00047163293	-98.7341	0.5858016	9.757107e-05	1653.6376662254333
83	191.85	95.099045	481.0	36.0	191.85	54.445415	19.07454	79.84205	6.1317883	336000	-0.029904006	389.31525	-0.00056797825	-112.60132	0.59310937	8.812152e-05	1668.4073150157928
84	188.0	113.10215	423.0	26.0	188.0	63.480484	17.483702	81.90582	9.356533	340000	-0.043217476	443.4907	-0.00033939257	-173.97769	0.58855265	5.851417e-05	1680.031239271164
85	179.90909	85.62811	425.0	40.0	179.90909	52.520237	21.718702	83.52471	5.973218	344000	-0.040327452	398.2519	-0.0005043149	-123.7157	0.5813113	1.547347e-05	1694.989268064499
86	197.45	82.35865	399.0	60.0	197.45	58.599014	20.196817	83.10306	-0.24702364	348000	-0.03778298	263.40182	-0.00037241727	-46.04805	0.5851783	1.22377105e-05	1711.0647711753845
87	192.8	54.171577	265.0	86.0	192.8	60.254864	19.591877	83.697754	5.397459	352000	-0.033953402	294.6043	-0.00043904036	-80.57999	0.58387125	3.198081e-05	1739.8311700820923
88	193.55	84.5745	390.0	66.0	193.55	57.23826	21.295736	83.78862	-2.1459997	356000	-0.048219543	307.1687	-0.0005533062	-75.73183	0.5772668	-3.1545824e-05	1772.9297261238098
89	177.40909	74.58288	322.0	49.0	177.40909	61.471447	18.144247	83.521034	5.0384088	360000	-0.04666093	293.66156	-0.0005156249	-99.169525	0.5809004	3.1844153e-05	1797.4621341228485
90	210.33333	97.70818	500.0	95.0	210.33333	55.21315	18.914036	78.43372	4.066516	364000	-0.037238985	490.76868	-0.00051205605	-203.65869	0.57869166	-3.3641565e-05	1820.538105249405
91	201.05263	70.072495	341.0	77.0	201.05263	58.6684	20.404713	85.15971	2.350294	368000	-0.03137612	400.48807	-0.00050435215	-136.1842	0.577625	-2.3244509e-06	1849.7315802574158
92	203.1579	78.94053	396.0	96.0	203.1579	59.51346	19.711412	85.50407	7.4349194	372000	-0.042737283	247.31012	-0.0008126907	-66.31856	0.5811217	5.0061375e-05	1887.277105331421
93	203.26315	101.807785	426.0	34.0	203.26315	61.966568	19.997492	89.53553	4.970982	376000	-0.036346734	278.5236	-0.00033360347	-86.56703	0.5798125	-2.5398635e-05	1907.6023643016815
94	164.375	86.89736	401.0	35.0	164.375	59.535812	21.795443	84.734055	7.64287	380000	-0.05113167	438.43362	-0.00046013668	-101.9429	0.58003455	1.1584472e-05	1937.2465662956238
95	263.2143	135.07045	500.0	73.0	263.2143	60.19041	17.664568	79.23659	8.257326	384000	-0.045143496	415.70322	-0.0004370995	-183.87448	0.5766968	-1.12511e-05	1963.0528531074524
96	188.0	55.972782	298.0	53.0	188.0	67.53589	20.741945	90.32621	6.5083294	388000	-0.041538052	476.52744	-0.0005285479	-244.06108	0.5751367	6.775326e-05	1977.4694159030914
97	186.55	64.07377	312.0	88.0	186.55	53.531765	20.674307	82.634636	2.1853547	392000	-0.05974468	259.53244	-0.00055369735	-108.54535	0.5790415	0.00018334789	1999.0886709690094
98	234.70589	96.7664	500.0	29.0	234.70589	60.91665	21.287102	85.80096	4.3144264	396000	-0.04263073	218.98524	-0.0005484037	-74.07593	0.57399684	-1.1083755e-05	2019.8815779685974
99	195.3	65.677315	333.0	100.0	195.3	61.849964	22.102577	90.21601	5.661022	400000	-0.040840875	249.09557	-0.00043610856	-78.48193	0.5759418	5.3065953e-05	2044.0238590240479
